Date,Open,High,Low,Close,Adj Close,Volume
1980-12-12,0.1283479928970337,0.1289059966802597,0.1283479928970337,0.1283479928970337,0.09919210523366928,469033600
1980-12-15,0.12221000343561172,0.12221000343561172,0.12165199965238571,0.12165199965238571,0.09401720017194748,175884800
1980-12-16,0.1132809966802597,0.1132809966802597,0.11272300034761429,0.11272300034761429,0.087116539478302,105728000
1980-12-17,0.11551299691200256,0.11607100069522858,0.11551299691200256,0.11551299691200256,0.08927273750305176,86441600
1980-12-18,0.11886200308799744,0.11941999942064285,0.11886200308799744,0.11886200308799744,0.09186097979545593,73449600
1980-12-19,0.12611599266529083,0.12667399644851685,0.12611599266529083,0.12611599266529083,0.09746713936328888,48630400
1980-12-22,0.1322540044784546,0.1328130066394806,0.1322540044784546,0.1322540044784546,0.10221081972122192,37363200
1980-12-23,0.13783499598503113,0.13839299976825714,0.13783499598503113,0.13783499598503113,0.10652394592761993,46950400
1980-12-24,0.14508900046348572,0.14564700424671173,0.14508900046348572,0.14508900046348572,0.11213015019893646,48003200
1980-12-26,0.15848200023174286,0.15904000401496887,0.15848200023174286,0.15848200023174286,0.12248073518276215,55574400
1980-12-29,0.16071400046348572,0.16127200424671173,0.16071400046348572,0.16071400046348572,0.1242058053612709,93161600
1980-12-30,0.15736599266529083,0.15736599266529083,0.156808003783226,0.156808003783226,0.12118707597255707,68880000
1980-12-31,0.1529020071029663,0.1529020071029663,0.1523440033197403,0.1523440033197403,0.11773713678121567,35750400
1981-01-02,0.15401799976825714,0.15513400733470917,0.15401799976825714,0.15401799976825714,0.11903081089258194,21660800
1981-01-05,0.15122799575328827,0.15122799575328827,0.15067000687122345,0.15067000687122345,0.11644341796636581,35728000
1981-01-06,0.1445309966802597,0.1445309966802597,0.1439729928970337,0.1439729928970337,0.11126764118671417,45158400
1981-01-07,0.13839299976825714,0.13839299976825714,0.13783499598503113,0.13783499598503113,0.10652394592761993,55686400
1981-01-08,0.13560299575328827,0.13560299575328827,0.13504500687122345,0.13504500687122345,0.10436778515577316,39827200
1981-01-09,0.14229899644851685,0.14285700023174286,0.14229899644851685,0.14229899644851685,0.10997393727302551,21504000
1981-01-12,0.14229899644851685,0.14229899644851685,0.141183003783226,0.141183003783226,0.10911144316196442,23699200
1981-01-13,0.1367190033197403,0.1367190033197403,0.13616099953651428,0.13616099953651428,0.10523028671741486,23049600
1981-01-14,0.1367190033197403,0.1372770071029663,0.1367190033197403,0.1367190033197403,0.10566149652004242,14291200
1981-01-15,0.13950900733470917,0.140625,0.13950900733470917,0.13950900733470917,0.10781780630350113,14067200
1981-01-16,0.13895100355148315,0.13895100355148315,0.13839299976825714,0.13839299976825714,0.10695527493953705,13395200
1981-01-19,0.14676299691200256,0.14732100069522858,0.14676299691200256,0.14676299691200256,0.11342384666204453,41574400
1981-01-20,0.14285700023174286,0.14285700023174286,0.14229899644851685,0.14229899644851685,0.10997393727302551,30083200
1981-01-21,0.14508900046348572,0.14620499312877655,0.14508900046348572,0.14508900046348572,0.11213015019893646,15904000
1981-01-22,0.14676299691200256,0.1478790044784546,0.14676299691200256,0.14676299691200256,0.11342384666204453,35548800
1981-01-23,0.14676299691200256,0.14732100069522858,0.14620499312877655,0.14620499312877655,0.11299262940883636,11222400
1981-01-26,0.1445309966802597,0.1445309966802597,0.1439729928970337,0.1439729928970337,0.11126764118671417,24640000
1981-01-27,0.1439729928970337,0.1439729928970337,0.14285700023174286,0.14285700023174286,0.11040515452623367,23699200
1981-01-28,0.13895100355148315,0.13895100355148315,0.13839299976825714,0.13839299976825714,0.10695527493953705,28156800
1981-01-29,0.13392899930477142,0.13392899930477142,0.1333709955215454,0.1333709955215454,0.10307405143976212,43904000
1981-01-30,0.12723200023174286,0.12723200023174286,0.12611599266529083,0.12611599266529083,0.09746713936328888,46188800
1981-02-02,0.11941999942064285,0.11941999942064285,0.11886200308799744,0.11886200308799744,0.09186097979545593,23766400
1981-02-03,0.12332600355148315,0.12388399988412857,0.12332600355148315,0.12332600355148315,0.09531091898679733,19152000
1981-02-04,0.12779000401496887,0.1283479928970337,0.12779000401496887,0.12779000401496887,0.09876085072755814,27865600
1981-02-05,0.12779000401496887,0.1289059966802597,0.12779000401496887,0.12779000401496887,0.09876085072755814,7929600
1981-02-06,0.1283479928970337,0.1289059966802597,0.1283479928970337,0.1283479928970337,0.09919210523366928,13865600
1981-02-09,0.12276799976825714,0.12276799976825714,0.12165199965238571,0.12165199965238571,0.09401720017194748,16755200
1981-02-10,0.12165199965238571,0.12221000343561172,0.12165199965238571,0.12165199965238571,0.09401720017194748,18345600
1981-02-11,0.11830399930477142,0.11830399930477142,0.11774600297212601,0.11774600297212601,0.09099846333265305,13843200
1981-02-12,0.1171879991889,0.1171879991889,0.11662899702787399,0.11662899702787399,0.09013517200946808,14560000
1981-02-13,0.11495500057935715,0.11495500057935715,0.11383900046348572,0.11383900046348572,0.08797901123762131,11155200
1981-02-17,0.11662899702787399,0.1171879991889,0.11662899702787399,0.11662899702787399,0.09013517200946808,12275200
1981-02-18,0.12165199965238571,0.12276799976825714,0.12165199965238571,0.12165199965238571,0.09401720017194748,19241600
1981-02-19,0.11495500057935715,0.11495500057935715,0.11439699679613113,0.11439699679613113,0.08841023594141006,22310400
1981-02-20,0.10881700366735458,0.10881700366735458,0.10825899988412857,0.10825899988412857,0.08366658538579941,24371200
1981-02-23,0.10993299633264542,0.11049100011587143,0.10993299633264542,0.10993299633264542,0.08496030420064926,14112000
1981-02-24,0.10714299976825714,0.10714299976825714,0.10602699965238571,0.10602699965238571,0.08194158971309662,16979200
1981-02-25,0.11272300034761429,0.1132809966802597,0.11272300034761429,0.11272300034761429,0.087116539478302,19488000
1981-02-26,0.11439699679613113,0.11495500057935715,0.11439699679613113,0.11439699679613113,0.08841023594141006,10841600
1981-02-27,0.11830399930477142,0.11941999942064285,0.11830399930477142,0.11830399930477142,0.0914296954870224,14761600
1981-03-02,0.11886200308799744,0.11941999942064285,0.11886200308799744,0.11886200308799744,0.09186097979545593,11760000
1981-03-03,0.11774600297212601,0.11774600297212601,0.1171879991889,0.1171879991889,0.0905672237277031,16172800
1981-03-04,0.11662899702787399,0.11662899702787399,0.11607100069522858,0.11607100069522858,0.0897039994597435,13708800
1981-03-05,0.11607100069522858,0.11607100069522858,0.11551299691200256,0.11551299691200256,0.08927273750305176,5376000
1981-03-06,0.11551299691200256,0.11551299691200256,0.11439699679613113,0.11439699679613113,0.08841023594141006,11603200
1981-03-09,0.10602699965238571,0.10602699965238571,0.1054690033197403,0.1054690033197403,0.08151039481163025,15321600
1981-03-10,0.10100399702787399,0.10100399702787399,0.10044600069522858,0.10044600069522858,0.07762842625379562,28380800
1981-03-11,0.0976559966802597,0.0976559966802597,0.09653999656438828,0.09653999656438828,0.07460971176624298,29859200
1981-03-12,0.10044600069522858,0.10100399702787399,0.10044600069522858,0.10044600069522858,0.07762842625379562,59248000
1981-03-13,0.09988799691200256,0.09988799691200256,0.09933000057935715,0.09933000057935715,0.07676589488983154,231302400
1981-03-16,0.10323700308799744,0.10435300320386887,0.10323700308799744,0.10323700308799744,0.07978538423776627,37228800
1981-03-17,0.10825899988412857,0.109375,0.10825899988412857,0.10825899988412857,0.08366658538579941,43747200
1981-03-18,0.11495500057935715,0.11607100069522858,0.11495500057935715,0.11495500057935715,0.0888415277004242,36937600
1981-03-19,0.11439699679613113,0.11439699679613113,0.11383900046348572,0.11383900046348572,0.08797901123762131,37811200
1981-03-20,0.11495500057935715,0.11607100069522858,0.11495500057935715,0.11495500057935715,0.0888415277004242,14604800
1981-03-23,0.11941999942064285,0.12053599953651428,0.11941999942064285,0.11941999942064285,0.0922921821475029,22019200
1981-03-24,0.11941999942064285,0.11941999942064285,0.11886200308799744,0.11886200308799744,0.09186097979545593,28156800
1981-03-25,0.11774600297212601,0.11774600297212601,0.11662899702787399,0.11662899702787399,0.09013517200946808,7056000
1981-03-26,0.11495500057935715,0.11495500057935715,0.11439699679613113,0.11439699679613113,0.08841023594141006,12275200
1981-03-27,0.11104899644851685,0.11104899644851685,0.11049100011587143,0.11049100011587143,0.08539153635501862,12252800
1981-03-30,0.11049100011587143,0.11160700023174286,0.11049100011587143,0.11049100011587143,0.08539153635501862,9900800
1981-03-31,0.11049100011587143,0.11049100011587143,0.109375,0.109375,0.08452906459569931,15993600
1981-04-01,0.10881700366735458,0.10881700366735458,0.10825899988412857,0.10825899988412857,0.08366658538579941,34070400
1981-04-02,0.11774600297212601,0.11830399930477142,0.11774600297212601,0.11774600297212601,0.09099846333265305,31404800
1981-04-03,0.11830399930477142,0.11886200308799744,0.11830399930477142,0.11830399930477142,0.0914296954870224,16486400
1981-04-06,0.11662899702787399,0.11662899702787399,0.11607100069522858,0.11607100069522858,0.0897039994597435,22803200
1981-04-07,0.11551299691200256,0.11551299691200256,0.11495500057935715,0.11495500057935715,0.0888415277004242,10684800
1981-04-08,0.12053599953651428,0.12165199965238571,0.12053599953651428,0.12053599953651428,0.09315470606088638,21952000
1981-04-09,0.12276799976825714,0.12332600355148315,0.12276799976825714,0.12276799976825714,0.0948796346783638,12499200
1981-04-10,0.12444200366735458,0.125,0.12444200366735458,0.12444200366735458,0.09617338329553604,33465600
1981-04-13,0.12444200366735458,0.125,0.12444200366735458,0.12444200366735458,0.09617338329553604,16060800
1981-04-14,0.12444200366735458,0.125,0.12444200366735458,0.12444200366735458,0.09617338329553604,6652800
1981-04-15,0.11886200308799744,0.11886200308799744,0.11830399930477142,0.11830399930477142,0.0914296954870224,34048000
1981-04-16,0.11216499656438828,0.11216499656438828,0.11160700023174286,0.11160700023174286,0.0862540528178215,23878400
1981-04-20,0.11495500057935715,0.11551299691200256,0.11495500057935715,0.11495500057935715,0.0888415277004242,35347200
1981-04-21,0.12276799976825714,0.12332600355148315,0.12276799976825714,0.12276799976825714,0.0948796346783638,28537600
1981-04-22,0.12723200023174286,0.12779000401496887,0.12723200023174286,0.12723200023174286,0.09832959622144699,18995200
1981-04-23,0.13057999312877655,0.13113799691200256,0.13057999312877655,0.13057999312877655,0.10091707110404968,58016000
1981-04-24,0.13057999312877655,0.13057999312877655,0.12946400046348572,0.12946400046348572,0.10005456209182739,35056000
1981-04-27,0.1289059966802597,0.1289059966802597,0.1283479928970337,0.1283479928970337,0.09919210523366928,38528000
1981-04-28,0.12667399644851685,0.12667399644851685,0.12611599266529083,0.12611599266529083,0.09746713936328888,32188800
1981-04-29,0.125,0.125,0.12444200366735458,0.12444200366735458,0.09617338329553604,13641600
1981-04-30,0.12667399644851685,0.12779000401496887,0.12667399644851685,0.12667399644851685,0.09789840131998062,12611200
1981-05-01,0.12667399644851685,0.12779000401496887,0.12667399644851685,0.12667399644851685,0.09789840131998062,16553600
1981-05-04,0.12667399644851685,0.12667399644851685,0.12611599266529083,0.12611599266529083,0.09746713936328888,14448000
1981-05-05,0.12611599266529083,0.12611599266529083,0.125558003783226,0.125558003783226,0.09703589230775833,17539200
1981-05-06,0.12276799976825714,0.12276799976825714,0.12221000343561172,0.12221000343561172,0.09444842487573624,18950400
1981-05-07,0.12388399988412857,0.12444200366735458,0.12388399988412857,0.12388399988412857,0.09574215114116669,9363200
1981-05-08,0.125,0.125558003783226,0.125,0.125,0.09660463780164719,7907200
1981-05-11,0.12276799976825714,0.12276799976825714,0.12221000343561172,0.12221000343561172,0.09444842487573624,11939200
1981-05-12,0.12221000343561172,0.12388399988412857,0.12221000343561172,0.12221000343561172,0.09444842487573624,4256000
1981-05-13,0.12221000343561172,0.12332600355148315,0.12165199965238571,0.12165199965238571,0.09401720017194748,4905600
1981-05-14,0.1210940033197403,0.1210940033197403,0.11997800320386887,0.11997800320386887,0.09272344410419464,4928000
1981-05-15,0.12276799976825714,0.12444200366735458,0.12276799976825714,0.12276799976825714,0.0948796346783638,4905600
1981-05-18,0.125,0.12611599266529083,0.125,0.125,0.09660463780164719,4166400
1981-05-19,0.12332600355148315,0.12332600355148315,0.12276799976825714,0.12276799976825714,0.0948796346783638,25424000
1981-05-20,0.12667399644851685,0.12779000401496887,0.12667399644851685,0.12667399644851685,0.09789840131998062,13283200
1981-05-21,0.13392899930477142,0.13448700308799744,0.13392899930477142,0.13392899930477142,0.10350529104471207,32211200
1981-05-22,0.140066996216774,0.141183003783226,0.140066996216774,0.140066996216774,0.1082489863038063,31427200
1981-05-26,0.140066996216774,0.140066996216774,0.13950900733470917,0.13950900733470917,0.10781780630350113,85344000
1981-05-27,0.14732100069522858,0.1478790044784546,0.14732100069522858,0.14732100069522858,0.11385508626699448,149497600
1981-05-28,0.14732100069522858,0.1478790044784546,0.14732100069522858,0.14732100069522858,0.11385508626699448,73987200
1981-05-29,0.1478790044784546,0.1484380066394806,0.1478790044784546,0.1478790044784546,0.114286407828331,59382400
1981-06-01,0.1478790044784546,0.1484380066394806,0.1478790044784546,0.1478790044784546,0.114286407828331,51251200
1981-06-02,0.141183003783226,0.141183003783226,0.140625,0.140625,0.10868027061223984,40432000
1981-06-03,0.140625,0.14174099266529083,0.140625,0.140625,0.10868027061223984,39446400
1981-06-04,0.14341500401496887,0.1439729928970337,0.14341500401496887,0.14341500401496887,0.11083642393350601,56067200
1981-06-05,0.14174099266529083,0.14174099266529083,0.141183003783226,0.141183003783226,0.10911144316196442,57680000
1981-06-08,0.1367190033197403,0.1367190033197403,0.13616099953651428,0.13616099953651428,0.10523028671741486,93497600
1981-06-09,0.13895100355148315,0.13950900733470917,0.13895100355148315,0.13895100355148315,0.10738645493984222,119593600
1981-06-10,0.140625,0.14229899644851685,0.140625,0.140625,0.10868027061223984,25222400
1981-06-11,0.14676299691200256,0.14732100069522858,0.14676299691200256,0.14676299691200256,0.11342384666204453,38976000
1981-06-12,0.14564700424671173,0.14564700424671173,0.14508900046348572,0.14508900046348572,0.11213015019893646,25804800
1981-06-15,0.14508900046348572,0.14508900046348572,0.1445309966802597,0.1445309966802597,0.11169889569282532,143763200
1981-06-16,0.14229899644851685,0.14229899644851685,0.14174099266529083,0.14174099266529083,0.10954267531633377,37251200
1981-06-17,0.140066996216774,0.140066996216774,0.13950900733470917,0.13950900733470917,0.10781780630350113,27574400
1981-06-18,0.13950900733470917,0.140066996216774,0.13895100355148315,0.13895100355148315,0.10738645493984222,23049600
1981-06-19,0.13560299575328827,0.13560299575328827,0.13504500687122345,0.13504500687122345,0.10436778515577316,27507200
1981-06-22,0.13057999312877655,0.13057999312877655,0.13002200424671173,0.13002200424671173,0.10048581659793854,10841600
1981-06-23,0.1322540044784546,0.1333709955215454,0.1322540044784546,0.1322540044784546,0.10221081972122192,15030400
1981-06-24,0.13002200424671173,0.13002200424671173,0.1289059966802597,0.1289059966802597,0.09962332993745804,23027200
1981-06-25,0.13169600069522858,0.1322540044784546,0.13169600069522858,0.13169600069522858,0.10177957266569138,24259200
1981-06-26,0.13113799691200256,0.13113799691200256,0.13002200424671173,0.13002200424671173,0.10048581659793854,23788800
1981-06-29,0.12667399644851685,0.12667399644851685,0.125558003783226,0.125558003783226,0.09703589230775833,10595200
1981-06-30,0.11662899702787399,0.11662899702787399,0.11607100069522858,0.11607100069522858,0.0897039994597435,35907200
1981-07-01,0.11551299691200256,0.11551299691200256,0.11495500057935715,0.11495500057935715,0.0888415277004242,170464000
1981-07-02,0.11495500057935715,0.11551299691200256,0.11495500057935715,0.11495500057935715,0.0888415277004242,30284800
1981-07-06,0.11216499656438828,0.11216499656438828,0.11104899644851685,0.11104899644851685,0.08582276850938797,16531200
1981-07-07,0.11216499656438828,0.1132809966802597,0.11216499656438828,0.11216499656438828,0.08668527752161026,15836800
1981-07-08,0.11662899702787399,0.1171879991889,0.11662899702787399,0.11662899702787399,0.09013517200946808,16620800
1981-07-09,0.10825899988412857,0.10825899988412857,0.10770100355148315,0.10770100355148315,0.08323532342910767,32883200
1981-07-10,0.09988799691200256,0.09988799691200256,0.09933000057935715,0.09933000057935715,0.07676589488983154,55171200
1981-07-13,0.1015629991889,0.10212100297212601,0.1015629991889,0.1015629991889,0.07849165797233582,45740800
1981-07-14,0.10602699965238571,0.10714299976825714,0.10602699965238571,0.10602699965238571,0.08194158971309662,19779200
1981-07-15,0.10881700366735458,0.109375,0.10881700366735458,0.10881700366735458,0.08409781008958817,10953600
1981-07-16,0.11160700023174286,0.11272300034761429,0.11160700023174286,0.11160700023174286,0.0862540528178215,15232000
1981-07-17,0.11551299691200256,0.11607100069522858,0.11551299691200256,0.11551299691200256,0.08927273750305176,19824000
1981-07-20,0.10825899988412857,0.10825899988412857,0.10770100355148315,0.10770100355148315,0.08323532342910767,23654400
1981-07-21,0.10770100355148315,0.10770100355148315,0.10714299976825714,0.10714299976825714,0.08280406892299652,31942400
1981-07-22,0.10212100297212601,0.10212100297212601,0.10100399702787399,0.10100399702787399,0.07805964350700378,22668800
1981-07-23,0.10379499942064285,0.10435300320386887,0.10379499942064285,0.10379499942064285,0.08021663874387741,34451200
1981-07-24,0.10714299976825714,0.10770100355148315,0.10714299976825714,0.10714299976825714,0.08280406892299652,28851200
1981-07-27,0.11160700023174286,0.11216499656438828,0.11160700023174286,0.11160700023174286,0.0862540528178215,17337600
1981-07-28,0.10825899988412857,0.10825899988412857,0.10770100355148315,0.10770100355148315,0.08323532342910767,22848000
1981-07-29,0.10658500343561172,0.10658500343561172,0.10602699965238571,0.10602699965238571,0.08194158971309662,15500800
1981-07-30,0.10993299633264542,0.11104899644851685,0.10993299633264542,0.10993299633264542,0.08496030420064926,9900800
1981-07-31,0.11160700023174286,0.11216499656438828,0.11160700023174286,0.11160700023174286,0.0862540528178215,10953600
1981-08-03,0.11160700023174286,0.11160700023174286,0.11049100011587143,0.11049100011587143,0.08539153635501862,12432000
1981-08-04,0.11216499656438828,0.11272300034761429,0.11216499656438828,0.11216499656438828,0.08668527752161026,31673600
1981-08-05,0.11551299691200256,0.11607100069522858,0.11551299691200256,0.11551299691200256,0.08927273750305176,17494400
1981-08-06,0.1132809966802597,0.1132809966802597,0.11272300034761429,0.11272300034761429,0.087116539478302,10528000
1981-08-07,0.11272300034761429,0.1132809966802597,0.11272300034761429,0.11272300034761429,0.087116539478302,9206400
1981-08-10,0.11272300034761429,0.11272300034761429,0.11272300034761429,0.11272300034761429,0.087116539478302,0
1981-08-11,0.11049100011587143,0.11049100011587143,0.109375,0.109375,0.08452906459569931,71456000
1981-08-12,0.10770100355148315,0.10770100355148315,0.10714299976825714,0.10714299976825714,0.08280406892299652,26275200
1981-08-13,0.10435300320386887,0.10435300320386887,0.10379499942064285,0.10379499942064285,0.08021663874387741,27484800
1981-08-14,0.10323700308799744,0.10323700308799744,0.10212100297212601,0.10212100297212601,0.07892291247844696,24192000
1981-08-17,0.09988799691200256,0.09988799691200256,0.09877199679613113,0.09877199679613113,0.07633468508720398,18905600
1981-08-18,0.0976559966802597,0.0976559966802597,0.09653999656438828,0.09653999656438828,0.07460971176624298,17001600
1981-08-19,0.09653999656438828,0.09653999656438828,0.09542399644851685,0.09542399644851685,0.07374720275402069,20675200
1981-08-20,0.09653999656438828,0.09709800034761429,0.09653999656438828,0.09653999656438828,0.07460971176624298,17113600
1981-08-21,0.09096000343561172,0.09096000343561172,0.0898440033197403,0.0898440033197403,0.0694347620010376,41910400
1981-08-24,0.08482100069522858,0.08482100069522858,0.08426299691200256,0.08426299691200256,0.06512157618999481,23072000
1981-08-25,0.08649600297212601,0.08705399930477142,0.08649600297212601,0.08649600297212601,0.06684732437133789,40700800
1981-08-26,0.08537899702787399,0.08537899702787399,0.08482100069522858,0.08482100069522858,0.06555282324552536,33600000
1981-08-27,0.08537899702787399,0.0859379991889,0.08537899702787399,0.08537899702787399,0.06598405539989471,25916800
1981-08-28,0.0898440033197403,0.09040199965238571,0.0898440033197403,0.0898440033197403,0.0694347620010376,38035200
1981-08-31,0.0898440033197403,0.09040199965238571,0.0898440033197403,0.0898440033197403,0.0694347620010376,40947200
1981-09-01,0.09542399644851685,0.09598200023174286,0.09542399644851685,0.09542399644851685,0.07374720275402069,37027200
1981-09-02,0.09709800034761429,0.0976559966802597,0.09709800034761429,0.09709800034761429,0.07504093647003174,19376000
1981-09-03,0.09319200366735458,0.09319200366735458,0.09207600355148315,0.09207600355148315,0.0711597204208374,37475200
1981-09-04,0.09151799976825714,0.09151799976825714,0.09096000343561172,0.09096000343561172,0.07029727846384048,15254400
1981-09-08,0.08872800320386887,0.08872800320386887,0.08816999942064285,0.08816999942064285,0.06814102083444595,25446400
1981-09-09,0.08816999942064285,0.08872800320386887,0.08816999942064285,0.08816999942064285,0.06814102083444595,30531200
1981-09-10,0.08872800320386887,0.08928599953651428,0.08872800320386887,0.08872800320386887,0.06857230514287949,34809600
1981-09-11,0.08816999942064285,0.08816999942064285,0.08761200308799744,0.08761200308799744,0.0677097886800766,17539200
1981-09-14,0.08537899702787399,0.08537899702787399,0.08482100069522858,0.08482100069522858,0.06555282324552536,27686400
1981-09-15,0.08314699679613113,0.08314699679613113,0.08258900046348572,0.08258900046348572,0.06382786482572556,19510400
1981-09-16,0.08147300034761429,0.08147300034761429,0.08091499656438828,0.08091499656438828,0.06253410130739212,19353600
1981-09-17,0.07924100011587143,0.07924100011587143,0.07868299633264542,0.07868299633264542,0.060809142887592316,19376000
1981-09-18,0.07924100011587143,0.07979899644851685,0.07924100011587143,0.07924100011587143,0.06124036759138107,26320000
1981-09-21,0.07979899644851685,0.08035700023174286,0.07979899644851685,0.07979899644851685,0.06167164444923401,49033600
1981-09-22,0.07589299976825714,0.07589299976825714,0.07533500343561172,0.07533500343561172,0.05822170898318291,47420800
1981-09-23,0.07477699965238571,0.07477699965238571,0.07366099953651428,0.07366099953651428,0.056927938014268875,28201600
1981-09-24,0.07366099953651428,0.07366099953651428,0.07310300320386887,0.07310300320386887,0.056496720761060715,18300800
1981-09-25,0.06473200023174286,0.06473200023174286,0.06361600011587143,0.06361600011587143,0.049164798110723495,34608000
1981-09-28,0.06417399644851685,0.06473200023174286,0.06417399644851685,0.06417399644851685,0.04959605261683464,91728000
1981-09-29,0.06752199679613113,0.06808000057935715,0.06752199679613113,0.06752199679613113,0.05218348652124405,94684800
1981-09-30,0.06808000057935715,0.06863799691200256,0.06808000057935715,0.06808000057935715,0.05261475220322609,49996800
1981-10-01,0.06808000057935715,0.06863799691200256,0.06808000057935715,0.06808000057935715,0.05261475220322609,61129600
1981-10-02,0.07366099953651428,0.0742190033197403,0.07366099953651428,0.07366099953651428,0.056927938014268875,45046400
1981-10-05,0.07589299976825714,0.07700899988412857,0.07589299976825714,0.07589299976825714,0.05865289643406868,43097600
1981-10-06,0.07589299976825714,0.07589299976825714,0.07533500343561172,0.07533500343561172,0.05822170898318291,28358400
1981-10-07,0.07979899644851685,0.08091499656438828,0.07979899644851685,0.07979899644851685,0.06167164444923401,38841600
1981-10-08,0.08258900046348572,0.08314699679613113,0.08258900046348572,0.08258900046348572,0.06382786482572556,31091200
1981-10-09,0.08314699679613113,0.08426299691200256,0.08314699679613113,0.08314699679613113,0.06425907462835312,54521600
1981-10-12,0.0859379991889,0.08649600297212601,0.0859379991889,0.0859379991889,0.06641612201929092,27350400
1981-10-13,0.0859379991889,0.08705399930477142,0.0859379991889,0.0859379991889,0.06641612201929092,44195200
1981-10-14,0.08147300034761429,0.08147300034761429,0.08091499656438828,0.08091499656438828,0.06253410130739212,30979200
1981-10-15,0.08258900046348572,0.08314699679613113,0.08258900046348572,0.08258900046348572,0.06382786482572556,29433600
1981-10-16,0.0820309966802597,0.0820309966802597,0.08147300034761429,0.08147300034761429,0.06296531111001968,36467200
1981-10-19,0.08314699679613113,0.08370500057935715,0.08314699679613113,0.08314699679613113,0.06425907462835312,20585600
1981-10-20,0.08761200308799744,0.08816999942064285,0.08761200308799744,0.08761200308799744,0.0677097886800766,35728000
1981-10-21,0.08761200308799744,0.08816999942064285,0.08761200308799744,0.08761200308799744,0.0677097886800766,76899200
1981-10-22,0.08761200308799744,0.08761200308799744,0.08705399930477142,0.08705399930477142,0.06727857887744904,32278400
1981-10-23,0.08537899702787399,0.08537899702787399,0.08482100069522858,0.08482100069522858,0.06555282324552536,27910400
1981-10-26,0.08482100069522858,0.08537899702787399,0.08482100069522858,0.08482100069522858,0.06555282324552536,27283200
1981-10-27,0.08649600297212601,0.08761200308799744,0.08649600297212601,0.08649600297212601,0.06684732437133789,85590400
1981-10-28,0.08928599953651428,0.0898440033197403,0.08928599953651428,0.08928599953651428,0.06900351494550705,44172800
1981-10-29,0.08872800320386887,0.08872800320386887,0.08816999942064285,0.08816999942064285,0.06814102083444595,30486400
1981-10-30,0.08928599953651428,0.0898440033197403,0.08928599953651428,0.08928599953651428,0.06900351494550705,52729600
1981-11-02,0.08928599953651428,0.0898440033197403,0.08928599953651428,0.08928599953651428,0.06900351494550705,36915200
1981-11-03,0.08872800320386887,0.08872800320386887,0.08816999942064285,0.08816999942064285,0.06814102083444595,28380800
1981-11-04,0.08649600297212601,0.08649600297212601,0.0859379991889,0.0859379991889,0.06641612201929092,23811200
1981-11-05,0.08035700023174286,0.08035700023174286,0.07979899644851685,0.07979899644851685,0.06167164444923401,23363200
1981-11-06,0.08035700023174286,0.08091499656438828,0.08035700023174286,0.08035700023174286,0.06210290268063545,24595200
1981-11-09,0.08147300034761429,0.0820309966802597,0.08147300034761429,0.08147300034761429,0.06296531111001968,20384000
1981-11-10,0.0820309966802597,0.08258900046348572,0.0820309966802597,0.0820309966802597,0.06339661031961441,16755200
1981-11-11,0.08426299691200256,0.08482100069522858,0.08426299691200256,0.08426299691200256,0.06512157618999481,27440000
1981-11-12,0.08705399930477142,0.08761200308799744,0.08705399930477142,0.08705399930477142,0.06727857887744904,39916800
1981-11-13,0.08147300034761429,0.08147300034761429,0.08091499656438828,0.08091499656438828,0.06253410130739212,21011200
1981-11-16,0.08035700023174286,0.08035700023174286,0.07979899644851685,0.07979899644851685,0.06167164444923401,22556800
1981-11-17,0.08147300034761429,0.0820309966802597,0.08147300034761429,0.08147300034761429,0.06296531111001968,35414400
1981-11-18,0.08426299691200256,0.08482100069522858,0.08426299691200256,0.08426299691200256,0.06512157618999481,29142400
1981-11-19,0.08426299691200256,0.08482100069522858,0.08426299691200256,0.08426299691200256,0.06512157618999481,40006400
1981-11-20,0.08482100069522858,0.08537899702787399,0.08482100069522858,0.08482100069522858,0.06555282324552536,38102400
1981-11-23,0.0820309966802597,0.0820309966802597,0.08091499656438828,0.08091499656438828,0.06253410130739212,22960000
1981-11-24,0.08091499656438828,0.08091499656438828,0.08035700023174286,0.08035700023174286,0.06210290268063545,22153600
1981-11-25,0.0820309966802597,0.08258900046348572,0.0820309966802597,0.0820309966802597,0.06339661031961441,52550400
1981-11-27,0.08426299691200256,0.08482100069522858,0.08426299691200256,0.08426299691200256,0.06512157618999481,37251200
1981-11-30,0.08370500057935715,0.08370500057935715,0.08314699679613113,0.08314699679613113,0.06425907462835312,23968000
1981-12-01,0.08314699679613113,0.08370500057935715,0.08314699679613113,0.08314699679613113,0.06425907462835312,23385600
1981-12-02,0.08370500057935715,0.08426299691200256,0.08370500057935715,0.08370500057935715,0.06469032168388367,37564800
1981-12-03,0.08314699679613113,0.08314699679613113,0.08258900046348572,0.08258900046348572,0.06382786482572556,20428800
1981-12-04,0.08482100069522858,0.08537899702787399,0.08482100069522858,0.08482100069522858,0.06555282324552536,137155200
1981-12-07,0.08537899702787399,0.0859379991889,0.08537899702787399,0.08537899702787399,0.06598405539989471,59292800
1981-12-08,0.08482100069522858,0.08482100069522858,0.08370500057935715,0.08370500057935715,0.06469032168388367,50624000
1981-12-09,0.08426299691200256,0.08482100069522858,0.08426299691200256,0.08426299691200256,0.06512157618999481,34272000
1981-12-10,0.08426299691200256,0.08482100069522858,0.08426299691200256,0.08426299691200256,0.06512157618999481,37408000
1981-12-11,0.08426299691200256,0.08482100069522858,0.08370500057935715,0.08370500057935715,0.06469032168388367,76092800
1981-12-14,0.0820309966802597,0.0820309966802597,0.08091499656438828,0.08091499656438828,0.06253410130739212,25244800
1981-12-15,0.08314699679613113,0.08370500057935715,0.08314699679613113,0.08314699679613113,0.06425907462835312,31315200
1981-12-16,0.08705399930477142,0.08761200308799744,0.08705399930477142,0.08705399930477142,0.06727857887744904,65452800
1981-12-17,0.09430799633264542,0.09486600011587143,0.09430799633264542,0.09430799633264542,0.07288472354412079,51452800
1981-12-18,0.10212100297212601,0.10267899930477142,0.10212100297212601,0.10212100297212601,0.07892291247844696,71724800
1981-12-21,0.09821400046348572,0.09821400046348572,0.0976559966802597,0.0976559966802597,0.07547219097614288,56403200
1981-12-22,0.09933000057935715,0.09988799691200256,0.09933000057935715,0.09933000057935715,0.07676589488983154,53827200
1981-12-23,0.0976559966802597,0.0976559966802597,0.09709800034761429,0.09709800034761429,0.07504093647003174,28896000
1981-12-24,0.0976559966802597,0.09821400046348572,0.0976559966802597,0.0976559966802597,0.07547219097614288,28918400
1981-12-28,0.09430799633264542,0.09430799633264542,0.09319200366735458,0.09319200366735458,0.07202225178480148,36579200
1981-12-29,0.09486600011587143,0.09598200023174286,0.09486600011587143,0.09486600011587143,0.07331598550081253,24236800
1981-12-30,0.09877199679613113,0.09933000057935715,0.09877199679613113,0.09877199679613113,0.07633468508720398,32188800
1981-12-31,0.09877199679613113,0.09933000057935715,0.09877199679613113,0.09877199679613113,0.07633468508720398,54656000
1982-01-04,0.09877199679613113,0.09877199679613113,0.09821400046348572,0.09821400046348572,0.07590342313051224,71254400
1982-01-05,0.09430799633264542,0.09430799633264542,0.09319200366735458,0.09319200366735458,0.07202225178480148,35840000
1982-01-06,0.09263399988412857,0.09263399988412857,0.09207600355148315,0.09207600355148315,0.0711597204208374,66080000
1982-01-07,0.0859379991889,0.0859379991889,0.08482100069522858,0.08482100069522858,0.06555282324552536,70044800
1982-01-08,0.08872800320386887,0.08928599953651428,0.08872800320386887,0.08872800320386887,0.06857230514287949,56604800
1982-01-11,0.08370500057935715,0.08370500057935715,0.08314699679613113,0.08314699679613113,0.06425907462835312,33331200
1982-01-12,0.08091499656438828,0.08091499656438828,0.08035700023174286,0.08035700023174286,0.06210290268063545,59920000
1982-01-13,0.08035700023174286,0.08035700023174286,0.07979899644851685,0.07979899644851685,0.06167164444923401,41753600
1982-01-14,0.08370500057935715,0.08426299691200256,0.08370500057935715,0.08370500057935715,0.06469032168388367,25715200
1982-01-15,0.08928599953651428,0.09040199965238571,0.08928599953651428,0.08928599953651428,0.06900351494550705,46704000
1982-01-18,0.09096000343561172,0.09207600355148315,0.09096000343561172,0.09096000343561172,0.07029727846384048,28000000
1982-01-19,0.0898440033197403,0.0898440033197403,0.08872800320386887,0.08872800320386887,0.06857230514287949,55507200
1982-01-20,0.09040199965238571,0.09096000343561172,0.09040199965238571,0.09040199965238571,0.06986597925424576,25827200
1982-01-21,0.09207600355148315,0.09263399988412857,0.09207600355148315,0.09207600355148315,0.0711597204208374,33331200
1982-01-22,0.09263399988412857,0.09319200366735458,0.09263399988412857,0.09263399988412857,0.07159097492694855,24259200
1982-01-25,0.09040199965238571,0.09040199965238571,0.0898440033197403,0.0898440033197403,0.0694347620010376,44710400
1982-01-26,0.08761200308799744,0.08761200308799744,0.08649600297212601,0.08649600297212601,0.06684732437133789,21212800
1982-01-27,0.08705399930477142,0.08816999942064285,0.08705399930477142,0.08705399930477142,0.06727857887744904,31360000
1982-01-28,0.0898440033197403,0.09040199965238571,0.0898440033197403,0.0898440033197403,0.0694347620010376,39603200
1982-01-29,0.09096000343561172,0.09151799976825714,0.09096000343561172,0.09096000343561172,0.07029727846384048,53155200
1982-02-01,0.09096000343561172,0.09096000343561172,0.0898440033197403,0.0898440033197403,0.0694347620010376,38528000
1982-02-02,0.09040199965238571,0.09151799976825714,0.09040199965238571,0.09040199965238571,0.06986597925424576,54275200
1982-02-03,0.09040199965238571,0.09096000343561172,0.09040199965238571,0.09040199965238571,0.06986597925424576,31472000
1982-02-04,0.08872800320386887,0.08872800320386887,0.08816999942064285,0.08816999942064285,0.06814102083444595,22041600
1982-02-05,0.08816999942064285,0.08872800320386887,0.08816999942064285,0.08816999942064285,0.06814102083444595,40297600
1982-02-08,0.08314699679613113,0.08314699679613113,0.08258900046348572,0.08258900046348572,0.06382786482572556,31696000
1982-02-09,0.08258900046348572,0.08314699679613113,0.08258900046348572,0.08258900046348572,0.06382786482572556,57904000
1982-02-10,0.08370500057935715,0.08426299691200256,0.08370500057935715,0.08370500057935715,0.06469032168388367,38796800
1982-02-11,0.08314699679613113,0.08314699679613113,0.08258900046348572,0.08258900046348572,0.06382786482572556,24528000
1982-02-12,0.08370500057935715,0.08426299691200256,0.08370500057935715,0.08370500057935715,0.06469032168388367,19644800
1982-02-16,0.08258900046348572,0.08258900046348572,0.0820309966802597,0.0820309966802597,0.06339661031961441,34316800
1982-02-17,0.08314699679613113,0.08370500057935715,0.08314699679613113,0.08314699679613113,0.06425907462835312,25580800
1982-02-18,0.08426299691200256,0.08482100069522858,0.08426299691200256,0.08426299691200256,0.06512157618999481,28380800
1982-02-19,0.08426299691200256,0.08426299691200256,0.08370500057935715,0.08370500057935715,0.06469032168388367,13596800
1982-02-22,0.08314699679613113,0.08314699679613113,0.08258900046348572,0.08258900046348572,0.06382786482572556,26633600
1982-02-23,0.0820309966802597,0.0820309966802597,0.08147300034761429,0.08147300034761429,0.06296531111001968,34540800
1982-02-24,0.0820309966802597,0.08258900046348572,0.0820309966802597,0.0820309966802597,0.06339661031961441,37945600
1982-02-25,0.0820309966802597,0.0820309966802597,0.08147300034761429,0.08147300034761429,0.06296531111001968,30800000
1982-02-26,0.08147300034761429,0.0820309966802597,0.08147300034761429,0.08147300034761429,0.06296531111001968,17427200
1982-03-01,0.0820309966802597,0.08258900046348572,0.0820309966802597,0.0820309966802597,0.06339661031961441,35302400
1982-03-02,0.0820309966802597,0.08258900046348572,0.0820309966802597,0.0820309966802597,0.06339661031961441,34809600
1982-03-03,0.0820309966802597,0.08258900046348572,0.0820309966802597,0.0820309966802597,0.06339661031961441,23654400
1982-03-04,0.08091499656438828,0.08091499656438828,0.08035700023174286,0.08035700023174286,0.06210290268063545,38371200
1982-03-05,0.07477699965238571,0.07477699965238571,0.0742190033197403,0.0742190033197403,0.05735918506979942,45315200
1982-03-08,0.07366099953651428,0.07366099953651428,0.07310300320386887,0.07310300320386887,0.056496720761060715,35145600
1982-03-09,0.07366099953651428,0.0742190033197403,0.07366099953651428,0.07366099953651428,0.056927938014268875,52505600
1982-03-10,0.07310300320386887,0.07310300320386887,0.07254499942064285,0.07254499942064285,0.056065481156110764,86934400
1982-03-11,0.07254499942064285,0.07366099953651428,0.07254499942064285,0.07254499942064285,0.056065481156110764,22579200
1982-03-12,0.06863799691200256,0.06863799691200256,0.06808000057935715,0.06808000057935715,0.05261475220322609,46547200
1982-03-15,0.06808000057935715,0.06808000057935715,0.06752199679613113,0.06752199679613113,0.05218348652124405,51363200
1982-03-16,0.06696400046348572,0.06696400046348572,0.0664059966802597,0.0664059966802597,0.05132102593779564,47152000
1982-03-17,0.06361600011587143,0.06361600011587143,0.06305799633264542,0.06305799633264542,0.04873356968164444,50489600
1982-03-18,0.06808000057935715,0.06863799691200256,0.06808000057935715,0.06808000057935715,0.05261475220322609,56336000
1982-03-19,0.0742190033197403,0.07477699965238571,0.0742190033197403,0.0742190033197403,0.05735918506979942,65811200
1982-03-22,0.07979899644851685,0.08035700023174286,0.07979899644851685,0.07979899644851685,0.06167164444923401,69193600
1982-03-23,0.07924100011587143,0.07924100011587143,0.07868299633264542,0.07868299633264542,0.060809142887592316,55955200
1982-03-24,0.07477699965238571,0.07477699965238571,0.0742190033197403,0.0742190033197403,0.05735918506979942,51609600
1982-03-25,0.0742190033197403,0.0742190033197403,0.07366099953651428,0.07366099953651428,0.056927938014268875,84112000
1982-03-26,0.07310300320386887,0.07310300320386887,0.07254499942064285,0.07254499942064285,0.056065481156110764,50780800
1982-03-29,0.0742190033197403,0.07477699965238571,0.0742190033197403,0.0742190033197403,0.05735918506979942,67603200
1982-03-30,0.07533500343561172,0.07589299976825714,0.07533500343561172,0.07533500343561172,0.05822170898318291,77952000
1982-03-31,0.07533500343561172,0.07589299976825714,0.07533500343561172,0.07533500343561172,0.05822170898318291,50153600
1982-04-01,0.07924100011587143,0.07979899644851685,0.07924100011587143,0.07924100011587143,0.06124036759138107,59136000
1982-04-02,0.07924100011587143,0.07979899644851685,0.07924100011587143,0.07924100011587143,0.06124036759138107,84806400
1982-04-05,0.07924100011587143,0.07979899644851685,0.07924100011587143,0.07924100011587143,0.06124036759138107,86643200
1982-04-06,0.07924100011587143,0.07924100011587143,0.07868299633264542,0.07868299633264542,0.060809142887592316,71590400
1982-04-07,0.078125,0.078125,0.07756700366735458,0.07756700366735458,0.059946659952402115,29097600
1982-04-08,0.078125,0.07868299633264542,0.078125,0.078125,0.06037789583206177,23990400
1982-04-12,0.078125,0.07868299633264542,0.07756700366735458,0.07756700366735458,0.059946659952402115,44307200
1982-04-13,0.07198700308799744,0.07198700308799744,0.07142899930477142,0.07142899930477142,0.05520295351743698,85299200
1982-04-14,0.07198700308799744,0.07254499942064285,0.07198700308799744,0.07198700308799744,0.055634234100580215,113590400
1982-04-15,0.07310300320386887,0.07366099953651428,0.07310300320386887,0.07310300320386887,0.056496720761060715,164281600
1982-04-16,0.07533500343561172,0.07589299976825714,0.07533500343561172,0.07533500343561172,0.05822170898318291,104048000
1982-04-19,0.07477699965238571,0.07477699965238571,0.07366099953651428,0.07366099953651428,0.056927938014268875,41283200
1982-04-20,0.07087100297212601,0.07087100297212601,0.0703129991889,0.0703129991889,0.05434050410985947,80550400
1982-04-21,0.0703129991889,0.0703129991889,0.06975399702787399,0.06975399702787399,0.05390849709510803,73024000
1982-04-22,0.06919600069522858,0.06919600069522858,0.06863799691200256,0.06863799691200256,0.05304599553346634,52595200
1982-04-23,0.06863799691200256,0.06919600069522858,0.06863799691200256,0.06863799691200256,0.05304599553346634,48294400
1982-04-26,0.0703129991889,0.07087100297212601,0.0703129991889,0.0703129991889,0.05434050410985947,57926400
1982-04-27,0.06863799691200256,0.06863799691200256,0.06808000057935715,0.06808000057935715,0.05261475220322609,70268800
1982-04-28,0.06584800034761429,0.06584800034761429,0.06528999656438828,0.06528999656438828,0.05045853555202484,99232000
1982-04-29,0.06528999656438828,0.06584800034761429,0.06528999656438828,0.06528999656438828,0.05045853555202484,82230400
1982-04-30,0.06584800034761429,0.0664059966802597,0.06584800034761429,0.06584800034761429,0.05088978633284569,277401600
1982-05-03,0.06808000057935715,0.06863799691200256,0.06808000057935715,0.06808000057935715,0.05261475220322609,82700800
1982-05-04,0.0703129991889,0.07087100297212601,0.0703129991889,0.0703129991889,0.05434050410985947,73987200
1982-05-05,0.0703129991889,0.0703129991889,0.06919600069522858,0.06919600069522858,0.05347723141312599,53939200
1982-05-06,0.07142899930477142,0.07198700308799744,0.07142899930477142,0.07142899930477142,0.05520295351743698,75465600
1982-05-07,0.07254499942064285,0.07310300320386887,0.07254499942064285,0.07254499942064285,0.056065481156110764,84716800
1982-05-10,0.07198700308799744,0.07198700308799744,0.07142899930477142,0.07142899930477142,0.05520295351743698,31606400
1982-05-11,0.06975399702787399,0.06975399702787399,0.06919600069522858,0.06919600069522858,0.05347723141312599,103017600
1982-05-12,0.06808000057935715,0.06808000057935715,0.06752199679613113,0.06752199679613113,0.05218348652124405,71008000
1982-05-13,0.06808000057935715,0.06863799691200256,0.06808000057935715,0.06808000057935715,0.05261475220322609,54454400
1982-05-14,0.0664059966802597,0.0664059966802597,0.06528999656438828,0.06528999656438828,0.05045853555202484,95737600
1982-05-17,0.06473200023174286,0.06473200023174286,0.06417399644851685,0.06417399644851685,0.04959605261683464,76204800
1982-05-18,0.06361600011587143,0.06361600011587143,0.06305799633264542,0.06305799633264542,0.04873356968164444,122035200
1982-05-19,0.06305799633264542,0.06305799633264542,0.0625,0.0625,0.04830231890082359,75286400
1982-05-20,0.06305799633264542,0.06361600011587143,0.06305799633264542,0.06305799633264542,0.04873356968164444,27619200
1982-05-21,0.06361600011587143,0.06417399644851685,0.06361600011587143,0.06361600011587143,0.049164798110723495,38841600
1982-05-24,0.06417399644851685,0.06473200023174286,0.06417399644851685,0.06417399644851685,0.04959605261683464,31987200
1982-05-25,0.06417399644851685,0.06473200023174286,0.06417399644851685,0.06417399644851685,0.04959605261683464,51564800
1982-05-26,0.06417399644851685,0.06417399644851685,0.06361600011587143,0.06361600011587143,0.049164798110723495,43276800
1982-05-27,0.06305799633264542,0.06305799633264542,0.0625,0.0625,0.04830231890082359,31248000
1982-05-28,0.0625,0.06305799633264542,0.0625,0.0625,0.04830231890082359,19196800
1982-06-01,0.061941999942064285,0.061941999942064285,0.06138399988412857,0.06138399988412857,0.0474398173391819,47600000
1982-06-02,0.0625,0.06305799633264542,0.0625,0.0625,0.04830231890082359,32905600
1982-06-03,0.06138399988412857,0.06138399988412857,0.06026799976825714,0.06026799976825714,0.04657735303044319,39760000
1982-06-04,0.05915199965238571,0.05915199965238571,0.05859399959445,0.05859399959445,0.04528361186385155,37676800
1982-06-07,0.05859399959445,0.05915199965238571,0.05859399959445,0.05859399959445,0.04528361186385155,37161600
1982-06-08,0.05859399959445,0.05859399959445,0.05803599953651428,0.05803599953651428,0.04485238343477249,31404800
1982-06-09,0.05747799947857857,0.05747799947857857,0.05691999942064285,0.05691999942064285,0.043989889323711395,33846400
1982-06-10,0.05747799947857857,0.05803599953651428,0.05747799947857857,0.05747799947857857,0.044421128928661346,34406400
1982-06-11,0.059709999710321426,0.06026799976825714,0.059709999710321426,0.059709999710321426,0.04614609107375145,54633600
1982-06-14,0.059709999710321426,0.06026799976825714,0.059709999710321426,0.059709999710321426,0.04614609107375145,29993600
1982-06-15,0.059709999710321426,0.06026799976825714,0.059709999710321426,0.059709999710321426,0.04614609107375145,35212800
1982-06-16,0.059709999710321426,0.06026799976825714,0.059709999710321426,0.059709999710321426,0.04614609107375145,41731200
1982-06-17,0.05915199965238571,0.05915199965238571,0.05859399959445,0.05859399959445,0.04528361186385155,29164800
1982-06-18,0.05859399959445,0.05859399959445,0.05747799947857857,0.05747799947857857,0.044421128928661346,19868800
1982-06-21,0.05747799947857857,0.05803599953651428,0.05747799947857857,0.05747799947857857,0.044421128928661346,28537600
1982-06-22,0.059709999710321426,0.060825999826192856,0.059709999710321426,0.059709999710321426,0.04614609107375145,17561600
1982-06-23,0.06138399988412857,0.0625,0.06138399988412857,0.06138399988412857,0.0474398173391819,52752000
1982-06-24,0.06138399988412857,0.061941999942064285,0.06138399988412857,0.06138399988412857,0.0474398173391819,44150400
1982-06-25,0.059709999710321426,0.059709999710321426,0.05915199965238571,0.05915199965238571,0.0457148477435112,26678400
1982-06-28,0.05915199965238571,0.05915199965238571,0.05859399959445,0.05859399959445,0.04528361186385155,25155200
1982-06-29,0.05747799947857857,0.05747799947857857,0.05691999942064285,0.05691999942064285,0.043989889323711395,35817600
1982-06-30,0.05691999942064285,0.05747799947857857,0.05691999942064285,0.05691999942064285,0.043989889323711395,67625600
1982-07-01,0.05691999942064285,0.05691999942064285,0.05636199936270714,0.05636199936270714,0.04355864226818085,55731200
1982-07-02,0.05412900075316429,0.05412900075316429,0.05357100069522858,0.05357100069522858,0.041401661932468414,58105600
1982-07-06,0.05189700052142143,0.05189700052142143,0.05133900046348572,0.05133900046348572,0.03967670351266861,87696000
1982-07-07,0.05133900046348572,0.05189700052142143,0.05133900046348572,0.05133900046348572,0.03967670351266861,30374400
1982-07-08,0.049665000289678574,0.049665000289678574,0.04910700023174286,0.04910700023174286,0.03795171156525612,164326400
1982-07-09,0.05078100040555,0.05133900046348572,0.05078100040555,0.05078100040555,0.039245422929525375,128419200
1982-07-12,0.05189700052142143,0.05245500057935715,0.05189700052142143,0.05189700052142143,0.040107931941747665,63392000
1982-07-13,0.05524599924683571,0.05580399930477142,0.05524599924683571,0.05524599924683571,0.042696163058280945,114374400
1982-07-14,0.05580399930477142,0.05691999942064285,0.05580399930477142,0.05580399930477142,0.0431273952126503,71120000
1982-07-15,0.05691999942064285,0.05747799947857857,0.05691999942064285,0.05691999942064285,0.043989889323711395,65788800
1982-07-16,0.05915199965238571,0.059709999710321426,0.05915199965238571,0.05915199965238571,0.0457148477435112,77011200
1982-07-19,0.059709999710321426,0.06026799976825714,0.059709999710321426,0.059709999710321426,0.04614609107375145,83776000
1982-07-20,0.06361600011587143,0.06417399644851685,0.06361600011587143,0.06361600011587143,0.049164798110723495,49705600
1982-07-21,0.06361600011587143,0.06417399644851685,0.06361600011587143,0.06361600011587143,0.049164798110723495,71702400
1982-07-22,0.06417399644851685,0.06473200023174286,0.06417399644851685,0.06417399644851685,0.04959605261683464,35212800
1982-07-23,0.06361600011587143,0.06361600011587143,0.06305799633264542,0.06305799633264542,0.04873356968164444,18300800
1982-07-26,0.060825999826192856,0.060825999826192856,0.06026799976825714,0.06026799976825714,0.04657735303044319,56851200
1982-07-27,0.06026799976825714,0.060825999826192856,0.06026799976825714,0.06026799976825714,0.04657735303044319,32323200
1982-07-28,0.05803599953651428,0.05803599953651428,0.05747799947857857,0.05747799947857857,0.044421128928661346,53513600
1982-07-29,0.059709999710321426,0.06026799976825714,0.059709999710321426,0.059709999710321426,0.04614609107375145,61868800
1982-07-30,0.06026799976825714,0.060825999826192856,0.06026799976825714,0.06026799976825714,0.04657735303044319,38617600
1982-08-02,0.061941999942064285,0.0625,0.061941999942064285,0.061941999942064285,0.047871075570583344,94393600
1982-08-03,0.05859399959445,0.05859399959445,0.05803599953651428,0.05803599953651428,0.04485238343477249,89868800
